
  Obs  ID  TRT  AGE  COUNT  WEEK         L_PER   RATE       L_COUNT        L_RATE
-----  --  ---  ---  -----  ----  ------------  -----  ------------  ------------
    1   1    0   31     11     0  2.0794415417  1.375  2.4849066498  0.4054651081
    2   1    0   31      5     2  0.6931471806    2.5  1.7917594692  1.0986122887
    3   1    0   31      3     4  0.6931471806    1.5  1.3862943611  0.6931471806
    4   1    0   31      3     6  0.6931471806    1.5  1.3862943611  0.6931471806
    5   1    0   31      3     8  0.6931471806    1.5  1.3862943611  0.6931471806
    6   2    0   30     11     0  2.0794415417  1.375  2.4849066498  0.4054651081
    7   2    0   30      3     2  0.6931471806    1.5  1.3862943611  0.6931471806
    8   2    0   30      5     4  0.6931471806    2.5  1.7917594692  1.0986122887
    9   2    0   30      3     6  0.6931471806    1.5  1.3862943611  0.6931471806
   10   2    0   30      3     8  0.6931471806    1.5  1.3862943611  0.6931471806

... 90 more observations (showing 10 of 100)

  Obs  TRT  WEEK   MN_TRT_RATE
-----  ---  ----  ------------
    1    0     0  1.1717778972
    2    0     2  1.3665806935
    3    0     4  1.1325340164
    4    0     6  1.0011239112
    5    0     8  1.2211800547

