
  Obs  GENDER  OB77  OB79  OB81  CT1  CT2  CT3  CT4  CT5
-----  ------  ----  ----  ----  ---  ---  ---  ---  ---
    1       0     1     1     1    8   20   25   16   15
    2       0     1     1     0    1    7    9   11    6
    3       0     1     0     1    1    9    7    4    0
    4       0     1     0     0    0    8    7   13    8
    5       0     0     1     1    7    8   10    3    7

... 11 more observations (showing 5 of 16)

  Obs  GENDER  OB77  OB79  OB81  COHORT  CT_TOT  AGE  YEAR  OB  K  _NULL_
-----  ------  ----  ----  ----  ------  ------  ---  ----  --  -  ------
    1       0     1     1     1       6      24    6  1977   1  1
    2       0     1     1     1       6      24    6  1977   1  2
    3       0     1     1     1       6      24    6  1977   1  3
    4       0     1     1     1       6      24    6  1977   1  4
    5       0     1     1     1       6      24    6  1977   1  5
    6       0     1     1     1       6      24    6  1977   1  6
    7       0     1     1     1       6      24    6  1977   1  7
    8       0     1     1     1       6      24    6  1977   1  8
    9       0     1     1     1       6      24    8  1979   1  1
   10       0     1     1     1       6      24    8  1979   1  2
   11       0     1     1     1       6      24    8  1979   1  3
   12       0     1     1     1       6      24    8  1979   1  4
   13       0     1     1     1       6      24    8  1979   1  5
   14       0     1     1     1       6      24    8  1979   1  6
   15       0     1     1     1       6      24    8  1979   1  7
   16       0     1     1     1       6      24    8  1979   1  8
   17       0     1     1     1       6      24   10  1981   1  1
   18       0     1     1     1       6      24   10  1981   1  2
   19       0     1     1     1       6      24   10  1981   1  3
   20       0     1     1     1       6      24   10  1981   1  4
   21       0     1     1     1       6      24   10  1981   1  5
   22       0     1     1     1       6      24   10  1981   1  6
   23       0     1     1     1       6      24   10  1981   1  7
   24       0     1     1     1       6      24   10  1981   1  8
   25       0     1     1     1       8      60    8  1977   1  1
   26       0     1     1     1       8      60    8  1977   1  2
   27       0     1     1     1       8      60    8  1977   1  3
   28       0     1     1     1       8      60    8  1977   1  4
   29       0     1     1     1       8      60    8  1977   1  5
   30       0     1     1     1       8      60    8  1977   1  6

... 70 more observations (showing 30 of 100)

  Obs  GROUP_ID  GENDER  COHORT  CT_TOT  AGE  YEAR  OB  K  _NULL_
-----  --------  ------  ------  ------  ---  ----  --  -  ------
    1         1       0       6       0    6  1977   1  1
    2         1       0       6       0    6  1977   1  2
    3         1       0       6       0    6  1977   1  3
    4         1       0       6       0    6  1977   1  4
    5         1       0       6       0    6  1977   1  5
    6         1       0       6       0    6  1977   1  6
    7         1       0       6       0    6  1977   1  7
    8         1       0       6       0    6  1977   1  8
    9         1       0       6       0    8  1979   1  1
   10         1       0       6       0    8  1979   1  2
   11         1       0       6       0    8  1979   1  3
   12         1       0       6       0    8  1979   1  4
   13         1       0       6       0    8  1979   1  5
   14         1       0       6       0    8  1979   1  6
   15         1       0       6       0    8  1979   1  7
   16         1       0       6       0    8  1979   1  8
   17         1       0       6       0   10  1981   1  1
   18         1       0       6       0   10  1981   1  2
   19         1       0       6       0   10  1981   1  3
   20         1       0       6       0   10  1981   1  4
   21         1       0       6       0   10  1981   1  5
   22         1       0       6       0   10  1981   1  6
   23         1       0       6       0   10  1981   1  7
   24         1       0       6      24   10  1981   1  8
   25         2       0       8       0    8  1977   1  1
   26         2       0       8       0    8  1977   1  2
   27         2       0       8       0    8  1977   1  3
   28         2       0       8       0    8  1977   1  4
   29         2       0       8       0    8  1977   1  5
   30         2       0       8       0    8  1977   1  6

... 70 more observations (showing 30 of 100)

  Obs  GENDER  COHORT  AGE  YEAR  OB  _NULL_  ID
-----  ------  ------  ---  ----  --  ------  --
    1       0       6    8  1979   1           1
    2       0       6   10  1981   1           1
    3       0       6    6  1977   1           1
    4       0       6    8  1979   1           2
    5       0       6   10  1981   1           2
    6       0       6    6  1977   1           2
    7       0       6    6  1977   1           3
    8       0       6    8  1979   1           3
    9       0       6   10  1981   1           3
   10       0       6    6  1977   1           4
   11       0       6    8  1979   1           4
   12       0       6   10  1981   1           4
   13       0       6    6  1977   1           5
   14       0       6    8  1979   1           5
   15       0       6   10  1981   1           5
   16       0       6    6  1977   1           6
   17       0       6    8  1979   1           6
   18       0       6   10  1981   1           6
   19       0       6    6  1977   1           7
   20       0       6    8  1979   1           7
   21       0       6   10  1981   1           7
   22       0       6    6  1977   1           8
   23       0       6    8  1979   1           8
   24       0       6   10  1981   1           8
   25       0       8    8  1977   1          25
   26       0       8   10  1979   1          25
   27       0       8   12  1981   1          25
   28       0       8    8  1977   1          26
   29       0       8   10  1979   1          26
   30       0       8   12  1981   1          26

... 70 more observations (showing 30 of 100)

  Obs  COHORT  YEAR  MN  SAMP
-----  ------  ----  --  ----
    1       6  1977   1     8
    2       6  1979   1     8
    3       6  1981   1     8
    4       8  1977   1    20
    5       8  1979   1    20
    6       8  1981   1    20
    7      10  1977   1    16

